(kicad_pcb (version 20171130) (host pcbnew "(5.1.4)-1")

  (general
    (thickness 1.6)
    (drawings 45)
    (tracks 355)
    (zones 0)
    (modules 76)
    (nets 52)
  )

  (page B)
  (title_block
    (company "Harman International")
  )

  (layers
    (0 TopLayer signal)
    (31 BottomLayer signal)
    (32 B.Adhes user)
    (33 F.Adhes user)
    (34 B.Paste user)
    (35 F.Paste user)
    (36 B.SilkS user)
    (37 F.SilkS user)
    (38 B.Mask user)
    (39 F.Mask user)
    (40 Dwgs.User user)
    (41 Cmts.User user)
    (42 Eco1.User user)
    (43 Eco2.User user)
    (44 Edge.Cuts user)
    (45 Margin user)
    (46 B.CrtYd user)
    (47 F.CrtYd user)
  )

  (setup
    (last_trace_width 0.25)
    (user_trace_width 0.25)
    (user_trace_width 0.3)
    (user_trace_width 0.35)
    (user_trace_width 0.4)
    (user_trace_width 0.45)
    (user_trace_width 0.5)
    (user_trace_width 0.55)
    (user_trace_width 0.6)
    (user_trace_width 0.65)
    (user_trace_width 0.7)
    (user_trace_width 0.75)
    (user_trace_width 0.8)
    (user_trace_width 0.85)
    (user_trace_width 0.9)
    (user_trace_width 0.95)
    (user_trace_width 1)
    (user_trace_width 1.2)
    (user_trace_width 1.5)
    (user_trace_width 2)
    (trace_clearance 0.2)
    (zone_clearance 0.2)
    (zone_45_only no)
    (trace_min 0.127)
    (via_size 0.8)
    (via_drill 0.4)
    (via_min_size 0.4)
    (via_min_drill 0.3)
    (user_via 0.8 0.4)
    (user_via 1 0.6)
    (user_via 2 1)
    (uvia_size 0.3)
    (uvia_drill 0.1)
    (uvias_allowed no)
    (uvia_min_size 0.2)
    (uvia_min_drill 0.1)
    (edge_width 0.05)
    (segment_width 0.2)
    (pcb_text_width 0.3)
    (pcb_text_size 1.5 1.5)
    (mod_edge_width 0.12)
    (mod_text_size 0.6 0.6)
    (mod_text_width 0.15)
    (pad_size 1.6 3.5)
    (pad_drill 0)
    (pad_to_mask_clearance 0.05)
    (solder_mask_min_width 0.25)
    (aux_axis_origin 192 226)
    (grid_origin 192 226)
    (visible_elements 7FFFFFFF)
    (pcbplotparams
      (layerselection 0x010fc_ffffffff)
      (usegerberextensions true)
      (usegerberattributes true)
      (usegerberadvancedattributes false)
      (creategerberjobfile false)
      (excludeedgelayer true)
      (linewidth 0.100000)
      (plotframeref false)
      (viasonmask false)
      (mode 1)
      (useauxorigin true)
      (hpglpennumber 1)
      (hpglpenspeed 20)
      (hpglpendiameter 15.000000)
      (psnegative false)
      (psa4output false)
      (plotreference true)
      (plotvalue true)
      (plotinvisibletext false)
      (padsonsilk false)
      (subtractmaskfromsilk false)
      (outputformat 1)
      (mirror false)
      (drillshape 0)
      (scaleselection 1)
      (outputdirectory "gerber/"))
  )

  (net 0 "")
  (net 1 GND)
  (net 2 +5V)
  (net 3 "Net-(C202-Pad2)")
  (net 4 "Net-(C203-Pad2)")
  (net 5 "Net-(C204-Pad2)")
  (net 6 "Net-(C205-Pad2)")
  (net 7 /sheet01/DTR)
  (net 8 "Net-(C206-Pad1)")
  (net 9 /sheet02/PIN)
  (net 10 "Net-(C403-Pad2)")
  (net 11 "Net-(C403-Pad1)")
  (net 12 /sheet02/cell0)
  (net 13 "Net-(F301-Pad1)")
  (net 14 "Net-(F302-Pad1)")
  (net 15 /sheet02/cell1)
  (net 16 /sheet02/cell2)
  (net 17 "Net-(F303-Pad1)")
  (net 18 "Net-(F304-Pad1)")
  (net 19 /sheet02/cell3)
  (net 20 /sheet02/cell4)
  (net 21 "Net-(F305-Pad1)")
  (net 22 "Net-(F306-Pad1)")
  (net 23 /sheet02/cell5)
  (net 24 "Net-(F307-Pad1)")
  (net 25 /sheet02/cell6)
  (net 26 /sheet01/A_RX)
  (net 27 /sheet01/A_TX)
  (net 28 /sheet01/SCL)
  (net 29 /sheet01/SDA)
  (net 30 "Net-(R201-Pad1)")
  (net 31 "Net-(R202-Pad1)")
  (net 32 "Net-(R203-Pad1)")
  (net 33 "Net-(R204-Pad1)")
  (net 34 /sheet01/C0)
  (net 35 /sheet01/C1)
  (net 36 /sheet01/C2)
  (net 37 /sheet01/C3)
  (net 38 /sheet01/C4)
  (net 39 /sheet01/C5)
  (net 40 /sheet01/C6)
  (net 41 /sheet01/C7)
  (net 42 "Net-(R401-Pad2)")
  (net 43 /sheet01/DOWN)
  (net 44 /sheet01/MENU)
  (net 45 /sheet01/ENTER)
  (net 46 /sheet01/UP)
  (net 47 /sheet01/XTAL1)
  (net 48 /sheet01/READ1)
  (net 49 /sheet01/READ0)
  (net 50 /sheet02/cell7)
  (net 51 /sheet01/INT0)

  (net_class Default "This is the default net class."
    (clearance 0.2)
    (trace_width 0.25)
    (via_dia 0.8)
    (via_drill 0.4)
    (uvia_dia 0.3)
    (uvia_drill 0.1)
    (add_net +5V)
    (add_net /sheet01/A_RX)
    (add_net /sheet01/A_TX)
    (add_net /sheet01/C0)
    (add_net /sheet01/C1)
    (add_net /sheet01/C2)
    (add_net /sheet01/C3)
    (add_net /sheet01/C4)
    (add_net /sheet01/C5)
    (add_net /sheet01/C6)
    (add_net /sheet01/C7)
    (add_net /sheet01/DOWN)
    (add_net /sheet01/DTR)
    (add_net /sheet01/ENTER)
    (add_net /sheet01/INT0)
    (add_net /sheet01/MENU)
    (add_net /sheet01/READ0)
    (add_net /sheet01/READ1)
    (add_net /sheet01/SCL)
    (add_net /sheet01/SDA)
    (add_net /sheet01/UP)
    (add_net /sheet01/XTAL1)
    (add_net /sheet02/PIN)
    (add_net /sheet02/cell0)
    (add_net /sheet02/cell1)
    (add_net /sheet02/cell2)
    (add_net /sheet02/cell3)
    (add_net /sheet02/cell4)
    (add_net /sheet02/cell5)
    (add_net /sheet02/cell6)
    (add_net /sheet02/cell7)
    (add_net GND)
    (add_net "Net-(C202-Pad2)")
    (add_net "Net-(C203-Pad2)")
    (add_net "Net-(C204-Pad2)")
    (add_net "Net-(C205-Pad2)")
    (add_net "Net-(C206-Pad1)")
    (add_net "Net-(C403-Pad1)")
    (add_net "Net-(C403-Pad2)")
    (add_net "Net-(F301-Pad1)")
    (add_net "Net-(F302-Pad1)")
    (add_net "Net-(F303-Pad1)")
    (add_net "Net-(F304-Pad1)")
    (add_net "Net-(F305-Pad1)")
    (add_net "Net-(F306-Pad1)")
    (add_net "Net-(F307-Pad1)")
    (add_net "Net-(R201-Pad1)")
    (add_net "Net-(R202-Pad1)")
    (add_net "Net-(R203-Pad1)")
    (add_net "Net-(R204-Pad1)")
    (add_net "Net-(R401-Pad2)")
  )

  (module Display:096OLED_NOMOUNTS (layer TopLayer) (tedit 5DD988DC) (tstamp 5DD80D38)
    (at 233.25 195.6)
    (path /5E144D2C/5D852461)
    (fp_text reference P502 (at -0.05 -3.05) (layer F.SilkS)
      (effects (font (size 0.6 0.6) (thickness 0.15)))
    )
    (fp_text value 096OLED (at 0 -6) (layer F.Fab)
      (effects (font (size 1 1) (thickness 0.15)))
    )
    (fp_line (start -14 5) (end 14 5) (layer F.CrtYd) (width 0.15))
    (fp_line (start 14 5) (end 14 22) (layer F.CrtYd) (width 0.15))
    (fp_line (start 14 22) (end -14 22) (layer F.CrtYd) (width 0.15))
    (fp_line (start -14 5) (end -14 22) (layer F.CrtYd) (width 0.15))
    (fp_line (start -14 5) (end -14 -2) (layer F.CrtYd) (width 0.15))
    (fp_line (start -14 -2) (end 14 -2) (layer F.CrtYd) (width 0.15))
    (fp_line (start 14 -2) (end 14 5) (layer F.CrtYd) (width 0.15))
    (fp_line (start -14 22) (end -14 28) (layer F.CrtYd) (width 0.15))
    (fp_line (start -14 28) (end -7 28) (layer F.CrtYd) (width 0.15))
    (fp_line (start -7 28) (end -5 25) (layer F.CrtYd) (width 0.15))
    (fp_line (start -5 25) (end 5 25) (layer F.CrtYd) (width 0.15))
    (fp_line (start 5 25) (end 7 28) (layer F.CrtYd) (width 0.15))
    (fp_line (start 7 28) (end 14 28) (layer F.CrtYd) (width 0.15))
    (fp_line (start 14 28) (end 14 22) (layer F.CrtYd) (width 0.15))
    (fp_line (start -14 22) (end 14 22) (layer F.Fab) (width 0.15))
    (fp_line (start 14 22) (end 14 5) (layer F.Fab) (width 0.15))
    (fp_line (start 14 5) (end -14 5) (layer F.Fab) (width 0.15))
    (fp_line (start -14 5) (end -14 22) (layer F.Fab) (width 0.15))
    (pad 4 thru_hole circle (at 3.81 0) (size 2 2) (drill 1) (layers *.Cu *.Mask)
      (net 29 /sheet01/SDA))
    (pad 3 thru_hole circle (at 1.27 0) (size 2 2) (drill 1) (layers *.Cu *.Mask)
      (net 28 /sheet01/SCL))
    (pad 2 thru_hole circle (at -1.27 0) (size 2 2) (drill 1) (layers *.Cu *.Mask)
      (net 1 GND))
    (pad 1 thru_hole circle (at -3.81 0) (size 2 2) (drill 1) (layers *.Cu *.Mask)
      (net 2 +5V))
    (model Display.3dshapes/096OLED.wrl
      (at (xyz 0 0 0))
      (scale (xyz 1 1 1))
      (rotate (xyz 0 0 0))
    )
  )

  (module Crystals_sg:CB3 (layer TopLayer) (tedit 5DD6EEA0) (tstamp 5DD6A0C2)
    (at 222.3 213.85)
    (path /5DD7036B/5DF5022D)
    (fp_text reference Y201 (at 5.1 2.1) (layer F.SilkS)
      (effects (font (size 0.6 0.6) (thickness 0.15)))
    )
    (fp_text value CB3-3I-16M0000 (at 0 -5.4) (layer F.Fab)
      (effects (font (size 1 1) (thickness 0.15)))
    )
    (fp_line (start 3.81 -3.302) (end -3.81 -3.302) (layer F.CrtYd) (width 0.12))
    (fp_line (start 3.81 3.302) (end 3.81 -3.302) (layer F.CrtYd) (width 0.12))
    (fp_line (start -3.81 3.302) (end 3.81 3.302) (layer F.CrtYd) (width 0.12))
    (fp_line (start -3.81 -3.302) (end -3.81 3.302) (layer F.CrtYd) (width 0.12))
    (fp_arc (start -3.302 2.794) (end -4.318 2.794) (angle -90) (layer F.SilkS) (width 0.15))
    (fp_line (start 3.556 -2.54) (end -3.556 -2.54) (layer F.SilkS) (width 0.15))
    (fp_line (start 3.556 2.54) (end 3.556 -2.54) (layer F.SilkS) (width 0.15))
    (fp_line (start -3.556 2.54) (end 3.556 2.54) (layer F.SilkS) (width 0.15))
    (fp_line (start -3.556 -2.54) (end -3.556 2.54) (layer F.SilkS) (width 0.15))
    (pad 4 smd rect (at -2.54 -2.1 270) (size 2 2.2) (layers TopLayer F.Paste F.Mask)
      (net 2 +5V))
    (pad 3 smd rect (at 2.54 -2.1 270) (size 2 2.2) (layers TopLayer F.Paste F.Mask)
      (net 47 /sheet01/XTAL1))
    (pad 2 smd rect (at 2.54 2.1 270) (size 2 2.2) (layers TopLayer F.Paste F.Mask)
      (net 1 GND))
    (pad 1 smd rect (at -2.54 2.1 270) (size 2 2.2) (layers TopLayer F.Paste F.Mask))
    (model "${SGLIBRARY}/3D/CB3 v2.wrl"
      (at (xyz 0 0 0))
      (scale (xyz 1 1 1))
      (rotate (xyz 0 0 0))
    )
  )

  (module Passives:C_0603_Handsolder (layer TopLayer) (tedit 5B301BBE) (tstamp 5DD69B4E)
    (at 217.5 212.925 90)
    (descr "Capacitor SMD 0603 (1608 Metric), square (rectangular) end terminal, IPC_7351 nominal with elongated pad for handsoldering. (Body size source: http://www.tortai-tech.com/upload/download/2011102023233369053.pdf), generated with kicad-footprint-generator")
    (tags "capacitor handsolder")
    (path /5DD7036B/5DF50230)
    (attr smd)
    (fp_text reference C201 (at 2.175 -0.5 180) (layer F.SilkS)
      (effects (font (size 0.6 0.6) (thickness 0.15)))
    )
    (fp_text value CL10B104KB8NNNC (at 0 1.43 90) (layer F.Fab)
      (effects (font (size 1 1) (thickness 0.15)))
    )
    (fp_line (start -0.8 0.4) (end -0.8 -0.4) (layer F.Fab) (width 0.15))
    (fp_line (start -0.8 -0.4) (end 0.8 -0.4) (layer F.Fab) (width 0.15))
    (fp_line (start 0.8 -0.4) (end 0.8 0.4) (layer F.Fab) (width 0.15))
    (fp_line (start 0.8 0.4) (end -0.8 0.4) (layer F.Fab) (width 0.15))
    (fp_line (start -0.171267 -0.51) (end 0.171267 -0.51) (layer F.SilkS) (width 0.12))
    (fp_line (start -0.171267 0.51) (end 0.171267 0.51) (layer F.SilkS) (width 0.12))
    (fp_line (start -1.65 0.73) (end -1.65 -0.73) (layer F.CrtYd) (width 0.05))
    (fp_line (start -1.65 -0.73) (end 1.65 -0.73) (layer F.CrtYd) (width 0.05))
    (fp_line (start 1.65 -0.73) (end 1.65 0.73) (layer F.CrtYd) (width 0.05))
    (fp_line (start 1.65 0.73) (end -1.65 0.73) (layer F.CrtYd) (width 0.05))
    (fp_text user %R (at 0 0 90) (layer F.Fab)
      (effects (font (size 1 1) (thickness 0.15)))
    )
    (pad 1 smd roundrect (at -0.875 0 90) (size 1.05 0.95) (layers TopLayer F.Paste F.Mask) (roundrect_rratio 0.25)
      (net 1 GND))
    (pad 2 smd roundrect (at 0.875 0 90) (size 1.05 0.95) (layers TopLayer F.Paste F.Mask) (roundrect_rratio 0.25)
      (net 2 +5V))
    (model ${KISYS3DMOD}/Capacitor_SMD.3dshapes/C_0603_1608Metric.wrl
      (at (xyz 0 0 0))
      (scale (xyz 1 1 1))
      (rotate (xyz 0 0 0))
    )
  )

  (module Passives:C_0603_Handsolder (layer TopLayer) (tedit 5B301BBE) (tstamp 5DD69B5F)
    (at 207 222.9 90)
    (descr "Capacitor SMD 0603 (1608 Metric), square (rectangular) end terminal, IPC_7351 nominal with elongated pad for handsoldering. (Body size source: http://www.tortai-tech.com/upload/download/2011102023233369053.pdf), generated with kicad-footprint-generator")
    (tags "capacitor handsolder")
    (path /5DD7036B/5DE5E9CF)
    (attr smd)
    (fp_text reference C202 (at 0 -1.2 90) (layer F.SilkS)
      (effects (font (size 0.6 0.6) (thickness 0.15)))
    )
    (fp_text value CL10B104KB8NNNC (at 0 1.43 90) (layer F.Fab)
      (effects (font (size 1 1) (thickness 0.15)))
    )
    (fp_text user %R (at 0 0 90) (layer F.Fab)
      (effects (font (size 1 1) (thickness 0.15)))
    )
    (fp_line (start 1.65 0.73) (end -1.65 0.73) (layer F.CrtYd) (width 0.05))
    (fp_line (start 1.65 -0.73) (end 1.65 0.73) (layer F.CrtYd) (width 0.05))
    (fp_line (start -1.65 -0.73) (end 1.65 -0.73) (layer F.CrtYd) (width 0.05))
    (fp_line (start -1.65 0.73) (end -1.65 -0.73) (layer F.CrtYd) (width 0.05))
    (fp_line (start -0.171267 0.51) (end 0.171267 0.51) (layer F.SilkS) (width 0.12))
    (fp_line (start -0.171267 -0.51) (end 0.171267 -0.51) (layer F.SilkS) (width 0.12))
    (fp_line (start 0.8 0.4) (end -0.8 0.4) (layer F.Fab) (width 0.15))
    (fp_line (start 0.8 -0.4) (end 0.8 0.4) (layer F.Fab) (width 0.15))
    (fp_line (start -0.8 -0.4) (end 0.8 -0.4) (layer F.Fab) (width 0.15))
    (fp_line (start -0.8 0.4) (end -0.8 -0.4) (layer F.Fab) (width 0.15))
    (pad 2 smd roundrect (at 0.875 0 90) (size 1.05 0.95) (layers TopLayer F.Paste F.Mask) (roundrect_rratio 0.25)
      (net 3 "Net-(C202-Pad2)"))
    (pad 1 smd roundrect (at -0.875 0 90) (size 1.05 0.95) (layers TopLayer F.Paste F.Mask) (roundrect_rratio 0.25)
      (net 1 GND))
    (model ${KISYS3DMOD}/Capacitor_SMD.3dshapes/C_0603_1608Metric.wrl
      (at (xyz 0 0 0))
      (scale (xyz 1 1 1))
      (rotate (xyz 0 0 0))
    )
  )

  (module Passives:C_0603_Handsolder (layer TopLayer) (tedit 5B301BBE) (tstamp 5DD704BA)
    (at 206.95 202.875 90)
    (descr "Capacitor SMD 0603 (1608 Metric), square (rectangular) end terminal, IPC_7351 nominal with elongated pad for handsoldering. (Body size source: http://www.tortai-tech.com/upload/download/2011102023233369053.pdf), generated with kicad-footprint-generator")
    (tags "capacitor handsolder")
    (path /5DD7036B/5DE28C3A)
    (attr smd)
    (fp_text reference C203 (at -0.025 -1.2 90) (layer F.SilkS)
      (effects (font (size 0.6 0.6) (thickness 0.15)))
    )
    (fp_text value CL10B104KB8NNNC (at 0 1.43 90) (layer F.Fab)
      (effects (font (size 1 1) (thickness 0.15)))
    )
    (fp_line (start -0.8 0.4) (end -0.8 -0.4) (layer F.Fab) (width 0.15))
    (fp_line (start -0.8 -0.4) (end 0.8 -0.4) (layer F.Fab) (width 0.15))
    (fp_line (start 0.8 -0.4) (end 0.8 0.4) (layer F.Fab) (width 0.15))
    (fp_line (start 0.8 0.4) (end -0.8 0.4) (layer F.Fab) (width 0.15))
    (fp_line (start -0.171267 -0.51) (end 0.171267 -0.51) (layer F.SilkS) (width 0.12))
    (fp_line (start -0.171267 0.51) (end 0.171267 0.51) (layer F.SilkS) (width 0.12))
    (fp_line (start -1.65 0.73) (end -1.65 -0.73) (layer F.CrtYd) (width 0.05))
    (fp_line (start -1.65 -0.73) (end 1.65 -0.73) (layer F.CrtYd) (width 0.05))
    (fp_line (start 1.65 -0.73) (end 1.65 0.73) (layer F.CrtYd) (width 0.05))
    (fp_line (start 1.65 0.73) (end -1.65 0.73) (layer F.CrtYd) (width 0.05))
    (fp_text user %R (at 0 0 90) (layer F.Fab)
      (effects (font (size 1 1) (thickness 0.15)))
    )
    (pad 1 smd roundrect (at -0.875 0 90) (size 1.05 0.95) (layers TopLayer F.Paste F.Mask) (roundrect_rratio 0.25)
      (net 1 GND))
    (pad 2 smd roundrect (at 0.875 0 90) (size 1.05 0.95) (layers TopLayer F.Paste F.Mask) (roundrect_rratio 0.25)
      (net 4 "Net-(C203-Pad2)"))
    (model ${KISYS3DMOD}/Capacitor_SMD.3dshapes/C_0603_1608Metric.wrl
      (at (xyz 0 0 0))
      (scale (xyz 1 1 1))
      (rotate (xyz 0 0 0))
    )
  )

  (module Passives:C_0603_Handsolder (layer TopLayer) (tedit 5B301BBE) (tstamp 5DD69B81)
    (at 206.95 212.9 90)
    (descr "Capacitor SMD 0603 (1608 Metric), square (rectangular) end terminal, IPC_7351 nominal with elongated pad for handsoldering. (Body size source: http://www.tortai-tech.com/upload/download/2011102023233369053.pdf), generated with kicad-footprint-generator")
    (tags "capacitor handsolder")
    (path /5DD7036B/5DE5E970)
    (attr smd)
    (fp_text reference C204 (at 0 -1.2 90) (layer F.SilkS)
      (effects (font (size 0.6 0.6) (thickness 0.15)))
    )
    (fp_text value CL10B104KB8NNNC (at 0 1.43 90) (layer F.Fab)
      (effects (font (size 1 1) (thickness 0.15)))
    )
    (fp_text user %R (at 0 0 90) (layer F.Fab)
      (effects (font (size 1 1) (thickness 0.15)))
    )
    (fp_line (start 1.65 0.73) (end -1.65 0.73) (layer F.CrtYd) (width 0.05))
    (fp_line (start 1.65 -0.73) (end 1.65 0.73) (layer F.CrtYd) (width 0.05))
    (fp_line (start -1.65 -0.73) (end 1.65 -0.73) (layer F.CrtYd) (width 0.05))
    (fp_line (start -1.65 0.73) (end -1.65 -0.73) (layer F.CrtYd) (width 0.05))
    (fp_line (start -0.171267 0.51) (end 0.171267 0.51) (layer F.SilkS) (width 0.12))
    (fp_line (start -0.171267 -0.51) (end 0.171267 -0.51) (layer F.SilkS) (width 0.12))
    (fp_line (start 0.8 0.4) (end -0.8 0.4) (layer F.Fab) (width 0.15))
    (fp_line (start 0.8 -0.4) (end 0.8 0.4) (layer F.Fab) (width 0.15))
    (fp_line (start -0.8 -0.4) (end 0.8 -0.4) (layer F.Fab) (width 0.15))
    (fp_line (start -0.8 0.4) (end -0.8 -0.4) (layer F.Fab) (width 0.15))
    (pad 2 smd roundrect (at 0.875 0 90) (size 1.05 0.95) (layers TopLayer F.Paste F.Mask) (roundrect_rratio 0.25)
      (net 5 "Net-(C204-Pad2)"))
    (pad 1 smd roundrect (at -0.875 0 90) (size 1.05 0.95) (layers TopLayer F.Paste F.Mask) (roundrect_rratio 0.25)
      (net 1 GND))
    (model ${KISYS3DMOD}/Capacitor_SMD.3dshapes/C_0603_1608Metric.wrl
      (at (xyz 0 0 0))
      (scale (xyz 1 1 1))
      (rotate (xyz 0 0 0))
    )
  )

  (module Passives:C_0603_Handsolder (layer TopLayer) (tedit 5B301BBE) (tstamp 5DD69B92)
    (at 206.85 192.85 90)
    (descr "Capacitor SMD 0603 (1608 Metric), square (rectangular) end terminal, IPC_7351 nominal with elongated pad for handsoldering. (Body size source: http://www.tortai-tech.com/upload/download/2011102023233369053.pdf), generated with kicad-footprint-generator")
    (tags "capacitor handsolder")
    (path /5DD7036B/5E1459EC)
    (attr smd)
    (fp_text reference C205 (at 0 -1.43 90) (layer F.SilkS)
      (effects (font (size 0.6 0.6) (thickness 0.15)))
    )
    (fp_text value CL10B104KB8NNNC (at 0 1.43 90) (layer F.Fab)
      (effects (font (size 1 1) (thickness 0.15)))
    )
    (fp_text user %R (at 0 0 90) (layer F.Fab)
      (effects (font (size 1 1) (thickness 0.15)))
    )
    (fp_line (start 1.65 0.73) (end -1.65 0.73) (layer F.CrtYd) (width 0.05))
    (fp_line (start 1.65 -0.73) (end 1.65 0.73) (layer F.CrtYd) (width 0.05))
    (fp_line (start -1.65 -0.73) (end 1.65 -0.73) (layer F.CrtYd) (width 0.05))
    (fp_line (start -1.65 0.73) (end -1.65 -0.73) (layer F.CrtYd) (width 0.05))
    (fp_line (start -0.171267 0.51) (end 0.171267 0.51) (layer F.SilkS) (width 0.12))
    (fp_line (start -0.171267 -0.51) (end 0.171267 -0.51) (layer F.SilkS) (width 0.12))
    (fp_line (start 0.8 0.4) (end -0.8 0.4) (layer F.Fab) (width 0.15))
    (fp_line (start 0.8 -0.4) (end 0.8 0.4) (layer F.Fab) (width 0.15))
    (fp_line (start -0.8 -0.4) (end 0.8 -0.4) (layer F.Fab) (width 0.15))
    (fp_line (start -0.8 0.4) (end -0.8 -0.4) (layer F.Fab) (width 0.15))
    (pad 2 smd roundrect (at 0.875 0 90) (size 1.05 0.95) (layers TopLayer F.Paste F.Mask) (roundrect_rratio 0.25)
      (net 6 "Net-(C205-Pad2)"))
    (pad 1 smd roundrect (at -0.875 0 90) (size 1.05 0.95) (layers TopLayer F.Paste F.Mask) (roundrect_rratio 0.25)
      (net 1 GND))
    (model ${KISYS3DMOD}/Capacitor_SMD.3dshapes/C_0603_1608Metric.wrl
      (at (xyz 0 0 0))
      (scale (xyz 1 1 1))
      (rotate (xyz 0 0 0))
    )
  )

  (module Passives:C_0603_Handsolder (layer TopLayer) (tedit 5B301BBE) (tstamp 5DD69BA3)
    (at 228.925 200.95 180)
    (descr "Capacitor SMD 0603 (1608 Metric), square (rectangular) end terminal, IPC_7351 nominal with elongated pad for handsoldering. (Body size source: http://www.tortai-tech.com/upload/download/2011102023233369053.pdf), generated with kicad-footprint-generator")
    (tags "capacitor handsolder")
    (path /5DD7036B/5DF501F0)
    (attr smd)
    (fp_text reference C206 (at 0.475 1.25) (layer F.SilkS)
      (effects (font (size 0.6 0.6) (thickness 0.15)))
    )
    (fp_text value CL10B104KB8NNNC (at 0 1.43) (layer F.Fab)
      (effects (font (size 1 1) (thickness 0.15)))
    )
    (fp_text user %R (at 0 0) (layer F.Fab)
      (effects (font (size 1 1) (thickness 0.15)))
    )
    (fp_line (start 1.65 0.73) (end -1.65 0.73) (layer F.CrtYd) (width 0.05))
    (fp_line (start 1.65 -0.73) (end 1.65 0.73) (layer F.CrtYd) (width 0.05))
    (fp_line (start -1.65 -0.73) (end 1.65 -0.73) (layer F.CrtYd) (width 0.05))
    (fp_line (start -1.65 0.73) (end -1.65 -0.73) (layer F.CrtYd) (width 0.05))
    (fp_line (start -0.171267 0.51) (end 0.171267 0.51) (layer F.SilkS) (width 0.12))
    (fp_line (start -0.171267 -0.51) (end 0.171267 -0.51) (layer F.SilkS) (width 0.12))
    (fp_line (start 0.8 0.4) (end -0.8 0.4) (layer F.Fab) (width 0.15))
    (fp_line (start 0.8 -0.4) (end 0.8 0.4) (layer F.Fab) (width 0.15))
    (fp_line (start -0.8 -0.4) (end 0.8 -0.4) (layer F.Fab) (width 0.15))
    (fp_line (start -0.8 0.4) (end -0.8 -0.4) (layer F.Fab) (width 0.15))
    (pad 2 smd roundrect (at 0.875 0 180) (size 1.05 0.95) (layers TopLayer F.Paste F.Mask) (roundrect_rratio 0.25)
      (net 7 /sheet01/DTR))
    (pad 1 smd roundrect (at -0.875 0 180) (size 1.05 0.95) (layers TopLayer F.Paste F.Mask) (roundrect_rratio 0.25)
      (net 8 "Net-(C206-Pad1)"))
    (model ${KISYS3DMOD}/Capacitor_SMD.3dshapes/C_0603_1608Metric.wrl
      (at (xyz 0 0 0))
      (scale (xyz 1 1 1))
      (rotate (xyz 0 0 0))
    )
  )

  (module Passives:C_0603_Handsolder (layer TopLayer) (tedit 5B301BBE) (tstamp 5DD69BB4)
    (at 225.75 207.75 90)
    (descr "Capacitor SMD 0603 (1608 Metric), square (rectangular) end terminal, IPC_7351 nominal with elongated pad for handsoldering. (Body size source: http://www.tortai-tech.com/upload/download/2011102023233369053.pdf), generated with kicad-footprint-generator")
    (tags "capacitor handsolder")
    (path /5DD7036B/5DF501F2)
    (attr smd)
    (fp_text reference C207 (at 0 -2 180) (layer F.SilkS)
      (effects (font (size 0.6 0.6) (thickness 0.15)))
    )
    (fp_text value CL10B104KB8NNNC (at 0 1.43 90) (layer F.Fab)
      (effects (font (size 1 1) (thickness 0.15)))
    )
    (fp_line (start -0.8 0.4) (end -0.8 -0.4) (layer F.Fab) (width 0.15))
    (fp_line (start -0.8 -0.4) (end 0.8 -0.4) (layer F.Fab) (width 0.15))
    (fp_line (start 0.8 -0.4) (end 0.8 0.4) (layer F.Fab) (width 0.15))
    (fp_line (start 0.8 0.4) (end -0.8 0.4) (layer F.Fab) (width 0.15))
    (fp_line (start -0.171267 -0.51) (end 0.171267 -0.51) (layer F.SilkS) (width 0.12))
    (fp_line (start -0.171267 0.51) (end 0.171267 0.51) (layer F.SilkS) (width 0.12))
    (fp_line (start -1.65 0.73) (end -1.65 -0.73) (layer F.CrtYd) (width 0.05))
    (fp_line (start -1.65 -0.73) (end 1.65 -0.73) (layer F.CrtYd) (width 0.05))
    (fp_line (start 1.65 -0.73) (end 1.65 0.73) (layer F.CrtYd) (width 0.05))
    (fp_line (start 1.65 0.73) (end -1.65 0.73) (layer F.CrtYd) (width 0.05))
    (fp_text user %R (at 0 0 90) (layer F.Fab)
      (effects (font (size 1 1) (thickness 0.15)))
    )
    (pad 1 smd roundrect (at -0.875 0 90) (size 1.05 0.95) (layers TopLayer F.Paste F.Mask) (roundrect_rratio 0.25)
      (net 2 +5V))
    (pad 2 smd roundrect (at 0.875 0 90) (size 1.05 0.95) (layers TopLayer F.Paste F.Mask) (roundrect_rratio 0.25)
      (net 1 GND))
    (model ${KISYS3DMOD}/Capacitor_SMD.3dshapes/C_0603_1608Metric.wrl
      (at (xyz 0 0 0))
      (scale (xyz 1 1 1))
      (rotate (xyz 0 0 0))
    )
  )

  (module Passives:C_0603_Handsolder (layer TopLayer) (tedit 5B301BBE) (tstamp 5DD6F97B)
    (at 238.2 212.075 270)
    (descr "Capacitor SMD 0603 (1608 Metric), square (rectangular) end terminal, IPC_7351 nominal with elongated pad for handsoldering. (Body size source: http://www.tortai-tech.com/upload/download/2011102023233369053.pdf), generated with kicad-footprint-generator")
    (tags "capacitor handsolder")
    (path /5DD7036B/5D7D4625)
    (attr smd)
    (fp_text reference C208 (at 0 -1.43 90) (layer F.SilkS)
      (effects (font (size 0.6 0.6) (thickness 0.15)))
    )
    (fp_text value CL10B104KB8NNNC (at 0 1.43 90) (layer F.Fab)
      (effects (font (size 1 1) (thickness 0.15)))
    )
    (fp_text user %R (at 0 0 90) (layer F.Fab)
      (effects (font (size 1 1) (thickness 0.15)))
    )
    (fp_line (start 1.65 0.73) (end -1.65 0.73) (layer F.CrtYd) (width 0.05))
    (fp_line (start 1.65 -0.73) (end 1.65 0.73) (layer F.CrtYd) (width 0.05))
    (fp_line (start -1.65 -0.73) (end 1.65 -0.73) (layer F.CrtYd) (width 0.05))
    (fp_line (start -1.65 0.73) (end -1.65 -0.73) (layer F.CrtYd) (width 0.05))
    (fp_line (start -0.171267 0.51) (end 0.171267 0.51) (layer F.SilkS) (width 0.12))
    (fp_line (start -0.171267 -0.51) (end 0.171267 -0.51) (layer F.SilkS) (width 0.12))
    (fp_line (start 0.8 0.4) (end -0.8 0.4) (layer F.Fab) (width 0.15))
    (fp_line (start 0.8 -0.4) (end 0.8 0.4) (layer F.Fab) (width 0.15))
    (fp_line (start -0.8 -0.4) (end 0.8 -0.4) (layer F.Fab) (width 0.15))
    (fp_line (start -0.8 0.4) (end -0.8 -0.4) (layer F.Fab) (width 0.15))
    (pad 2 smd roundrect (at 0.875 0 270) (size 1.05 0.95) (layers TopLayer F.Paste F.Mask) (roundrect_rratio 0.25)
      (net 1 GND))
    (pad 1 smd roundrect (at -0.875 0 270) (size 1.05 0.95) (layers TopLayer F.Paste F.Mask) (roundrect_rratio 0.25)
      (net 2 +5V))
    (model ${KISYS3DMOD}/Capacitor_SMD.3dshapes/C_0603_1608Metric.wrl
      (at (xyz 0 0 0))
      (scale (xyz 1 1 1))
      (rotate (xyz 0 0 0))
    )
  )

  (module Passives:C_0603_Handsolder (layer TopLayer) (tedit 5B301BBE) (tstamp 5DD6EB8E)
    (at 238.2 208.675 90)
    (descr "Capacitor SMD 0603 (1608 Metric), square (rectangular) end terminal, IPC_7351 nominal with elongated pad for handsoldering. (Body size source: http://www.tortai-tech.com/upload/download/2011102023233369053.pdf), generated with kicad-footprint-generator")
    (tags "capacitor handsolder")
    (path /5DD7036B/5E1988BB)
    (attr smd)
    (fp_text reference C209 (at -0.025 1.4 270) (layer F.SilkS)
      (effects (font (size 0.6 0.6) (thickness 0.15)))
    )
    (fp_text value CL10B104KB8NNNC (at 0 1.43 90) (layer F.Fab)
      (effects (font (size 1 1) (thickness 0.15)))
    )
    (fp_line (start -0.8 0.4) (end -0.8 -0.4) (layer F.Fab) (width 0.15))
    (fp_line (start -0.8 -0.4) (end 0.8 -0.4) (layer F.Fab) (width 0.15))
    (fp_line (start 0.8 -0.4) (end 0.8 0.4) (layer F.Fab) (width 0.15))
    (fp_line (start 0.8 0.4) (end -0.8 0.4) (layer F.Fab) (width 0.15))
    (fp_line (start -0.171267 -0.51) (end 0.171267 -0.51) (layer F.SilkS) (width 0.12))
    (fp_line (start -0.171267 0.51) (end 0.171267 0.51) (layer F.SilkS) (width 0.12))
    (fp_line (start -1.65 0.73) (end -1.65 -0.73) (layer F.CrtYd) (width 0.05))
    (fp_line (start -1.65 -0.73) (end 1.65 -0.73) (layer F.CrtYd) (width 0.05))
    (fp_line (start 1.65 -0.73) (end 1.65 0.73) (layer F.CrtYd) (width 0.05))
    (fp_line (start 1.65 0.73) (end -1.65 0.73) (layer F.CrtYd) (width 0.05))
    (fp_text user %R (at 0 0 90) (layer F.Fab)
      (effects (font (size 1 1) (thickness 0.15)))
    )
    (pad 1 smd roundrect (at -0.875 0 90) (size 1.05 0.95) (layers TopLayer F.Paste F.Mask) (roundrect_rratio 0.25)
      (net 2 +5V))
    (pad 2 smd roundrect (at 0.875 0 90) (size 1.05 0.95) (layers TopLayer F.Paste F.Mask) (roundrect_rratio 0.25)
      (net 1 GND))
    (model ${KISYS3DMOD}/Capacitor_SMD.3dshapes/C_0603_1608Metric.wrl
      (at (xyz 0 0 0))
      (scale (xyz 1 1 1))
      (rotate (xyz 0 0 0))
    )
  )

  (module Passives:C_0603_Handsolder (layer TopLayer) (tedit 5B301BBE) (tstamp 5DD69BE7)
    (at 248.3 199.35 90)
    (descr "Capacitor SMD 0603 (1608 Metric), square (rectangular) end terminal, IPC_7351 nominal with elongated pad for handsoldering. (Body size source: http://www.tortai-tech.com/upload/download/2011102023233369053.pdf), generated with kicad-footprint-generator")
    (tags "capacitor handsolder")
    (path /5DD7036B/5DAB8CCB)
    (attr smd)
    (fp_text reference C210 (at 2.3 0.475) (layer F.SilkS)
      (effects (font (size 0.6 0.6) (thickness 0.15)))
    )
    (fp_text value CL10B104KB8NNNC (at 0 1.43 90) (layer F.Fab)
      (effects (font (size 1 1) (thickness 0.15)))
    )
    (fp_line (start -0.8 0.4) (end -0.8 -0.4) (layer F.Fab) (width 0.15))
    (fp_line (start -0.8 -0.4) (end 0.8 -0.4) (layer F.Fab) (width 0.15))
    (fp_line (start 0.8 -0.4) (end 0.8 0.4) (layer F.Fab) (width 0.15))
    (fp_line (start 0.8 0.4) (end -0.8 0.4) (layer F.Fab) (width 0.15))
    (fp_line (start -0.171267 -0.51) (end 0.171267 -0.51) (layer F.SilkS) (width 0.12))
    (fp_line (start -0.171267 0.51) (end 0.171267 0.51) (layer F.SilkS) (width 0.12))
    (fp_line (start -1.65 0.73) (end -1.65 -0.73) (layer F.CrtYd) (width 0.05))
    (fp_line (start -1.65 -0.73) (end 1.65 -0.73) (layer F.CrtYd) (width 0.05))
    (fp_line (start 1.65 -0.73) (end 1.65 0.73) (layer F.CrtYd) (width 0.05))
    (fp_line (start 1.65 0.73) (end -1.65 0.73) (layer F.CrtYd) (width 0.05))
    (fp_text user %R (at 0 0 90) (layer F.Fab)
      (effects (font (size 1 1) (thickness 0.15)))
    )
    (pad 1 smd roundrect (at -0.875 0 90) (size 1.05 0.95) (layers TopLayer F.Paste F.Mask) (roundrect_rratio 0.25)
      (net 2 +5V))
    (pad 2 smd roundrect (at 0.875 0 90) (size 1.05 0.95) (layers TopLayer F.Paste F.Mask) (roundrect_rratio 0.25)
      (net 1 GND))
    (model ${KISYS3DMOD}/Capacitor_SMD.3dshapes/C_0603_1608Metric.wrl
      (at (xyz 0 0 0))
      (scale (xyz 1 1 1))
      (rotate (xyz 0 0 0))
    )
  )

  (module Passives:C_0603_Handsolder (layer TopLayer) (tedit 5B301BBE) (tstamp 5DD69BF8)
    (at 249.3 220.2)
    (descr "Capacitor SMD 0603 (1608 Metric), square (rectangular) end terminal, IPC_7351 nominal with elongated pad for handsoldering. (Body size source: http://www.tortai-tech.com/upload/download/2011102023233369053.pdf), generated with kicad-footprint-generator")
    (tags "capacitor handsolder")
    (path /5DD7036B/5E020B20)
    (attr smd)
    (fp_text reference C211 (at 0 1.2) (layer F.SilkS)
      (effects (font (size 0.6 0.6) (thickness 0.15)))
    )
    (fp_text value CL10B104KB8NNNC (at 0 1.43) (layer F.Fab)
      (effects (font (size 1 1) (thickness 0.15)))
    )
    (fp_line (start -0.8 0.4) (end -0.8 -0.4) (layer F.Fab) (width 0.15))
    (fp_line (start -0.8 -0.4) (end 0.8 -0.4) (layer F.Fab) (width 0.15))
    (fp_line (start 0.8 -0.4) (end 0.8 0.4) (layer F.Fab) (width 0.15))
    (fp_line (start 0.8 0.4) (end -0.8 0.4) (layer F.Fab) (width 0.15))
    (fp_line (start -0.171267 -0.51) (end 0.171267 -0.51) (layer F.SilkS) (width 0.12))
    (fp_line (start -0.171267 0.51) (end 0.171267 0.51) (layer F.SilkS) (width 0.12))
    (fp_line (start -1.65 0.73) (end -1.65 -0.73) (layer F.CrtYd) (width 0.05))
    (fp_line (start -1.65 -0.73) (end 1.65 -0.73) (layer F.CrtYd) (width 0.05))
    (fp_line (start 1.65 -0.73) (end 1.65 0.73) (layer F.CrtYd) (width 0.05))
    (fp_line (start 1.65 0.73) (end -1.65 0.73) (layer F.CrtYd) (width 0.05))
    (fp_text user %R (at 0 0) (layer F.Fab)
      (effects (font (size 1 1) (thickness 0.15)))
    )
    (pad 1 smd roundrect (at -0.875 0) (size 1.05 0.95) (layers TopLayer F.Paste F.Mask) (roundrect_rratio 0.25)
      (net 2 +5V))
    (pad 2 smd roundrect (at 0.875 0) (size 1.05 0.95) (layers TopLayer F.Paste F.Mask) (roundrect_rratio 0.25)
      (net 1 GND))
    (model ${KISYS3DMOD}/Capacitor_SMD.3dshapes/C_0603_1608Metric.wrl
      (at (xyz 0 0 0))
      (scale (xyz 1 1 1))
      (rotate (xyz 0 0 0))
    )
  )

  (module Passives:C_0603_Handsolder (layer TopLayer) (tedit 5B301BBE) (tstamp 5DD69C09)
    (at 249.85 199.35 90)
    (descr "Capacitor SMD 0603 (1608 Metric), square (rectangular) end terminal, IPC_7351 nominal with elongated pad for handsoldering. (Body size source: http://www.tortai-tech.com/upload/download/2011102023233369053.pdf), generated with kicad-footprint-generator")
    (tags "capacitor handsolder")
    (path /5DD7036B/5E0EF95F)
    (attr smd)
    (fp_text reference C212 (at -0.85 1.95) (layer F.SilkS)
      (effects (font (size 0.6 0.6) (thickness 0.15)))
    )
    (fp_text value CL10B104KB8NNNC (at 0 1.43 90) (layer F.Fab)
      (effects (font (size 1 1) (thickness 0.15)))
    )
    (fp_text user %R (at 0 0 90) (layer F.Fab)
      (effects (font (size 1 1) (thickness 0.15)))
    )
    (fp_line (start 1.65 0.73) (end -1.65 0.73) (layer F.CrtYd) (width 0.05))
    (fp_line (start 1.65 -0.73) (end 1.65 0.73) (layer F.CrtYd) (width 0.05))
    (fp_line (start -1.65 -0.73) (end 1.65 -0.73) (layer F.CrtYd) (width 0.05))
    (fp_line (start -1.65 0.73) (end -1.65 -0.73) (layer F.CrtYd) (width 0.05))
    (fp_line (start -0.171267 0.51) (end 0.171267 0.51) (layer F.SilkS) (width 0.12))
    (fp_line (start -0.171267 -0.51) (end 0.171267 -0.51) (layer F.SilkS) (width 0.12))
    (fp_line (start 0.8 0.4) (end -0.8 0.4) (layer F.Fab) (width 0.15))
    (fp_line (start 0.8 -0.4) (end 0.8 0.4) (layer F.Fab) (width 0.15))
    (fp_line (start -0.8 -0.4) (end 0.8 -0.4) (layer F.Fab) (width 0.15))
    (fp_line (start -0.8 0.4) (end -0.8 -0.4) (layer F.Fab) (width 0.15))
    (pad 2 smd roundrect (at 0.875 0 90) (size 1.05 0.95) (layers TopLayer F.Paste F.Mask) (roundrect_rratio 0.25)
      (net 1 GND))
    (pad 1 smd roundrect (at -0.875 0 90) (size 1.05 0.95) (layers TopLayer F.Paste F.Mask) (roundrect_rratio 0.25)
      (net 2 +5V))
    (model ${KISYS3DMOD}/Capacitor_SMD.3dshapes/C_0603_1608Metric.wrl
      (at (xyz 0 0 0))
      (scale (xyz 1 1 1))
      (rotate (xyz 0 0 0))
    )
  )

  (module Passives:C_0603_Handsolder (layer TopLayer) (tedit 5B301BBE) (tstamp 5DD69C1A)
    (at 250 216.15 90)
    (descr "Capacitor SMD 0603 (1608 Metric), square (rectangular) end terminal, IPC_7351 nominal with elongated pad for handsoldering. (Body size source: http://www.tortai-tech.com/upload/download/2011102023233369053.pdf), generated with kicad-footprint-generator")
    (tags "capacitor handsolder")
    (path /5DD7036B/5E020B39)
    (attr smd)
    (fp_text reference C213 (at 2.95 0 90) (layer F.SilkS)
      (effects (font (size 0.6 0.6) (thickness 0.15)))
    )
    (fp_text value CL10B104KB8NNNC (at 0 1.43 90) (layer F.Fab)
      (effects (font (size 1 1) (thickness 0.15)))
    )
    (fp_text user %R (at 0 0 90) (layer F.Fab)
      (effects (font (size 1 1) (thickness 0.15)))
    )
    (fp_line (start 1.65 0.73) (end -1.65 0.73) (layer F.CrtYd) (width 0.05))
    (fp_line (start 1.65 -0.73) (end 1.65 0.73) (layer F.CrtYd) (width 0.05))
    (fp_line (start -1.65 -0.73) (end 1.65 -0.73) (layer F.CrtYd) (width 0.05))
    (fp_line (start -1.65 0.73) (end -1.65 -0.73) (layer F.CrtYd) (width 0.05))
    (fp_line (start -0.171267 0.51) (end 0.171267 0.51) (layer F.SilkS) (width 0.12))
    (fp_line (start -0.171267 -0.51) (end 0.171267 -0.51) (layer F.SilkS) (width 0.12))
    (fp_line (start 0.8 0.4) (end -0.8 0.4) (layer F.Fab) (width 0.15))
    (fp_line (start 0.8 -0.4) (end 0.8 0.4) (layer F.Fab) (width 0.15))
    (fp_line (start -0.8 -0.4) (end 0.8 -0.4) (layer F.Fab) (width 0.15))
    (fp_line (start -0.8 0.4) (end -0.8 -0.4) (layer F.Fab) (width 0.15))
    (pad 2 smd roundrect (at 0.875 0 90) (size 1.05 0.95) (layers TopLayer F.Paste F.Mask) (roundrect_rratio 0.25)
      (net 1 GND))
    (pad 1 smd roundrect (at -0.875 0 90) (size 1.05 0.95) (layers TopLayer F.Paste F.Mask) (roundrect_rratio 0.25)
      (net 2 +5V))
    (model ${KISYS3DMOD}/Capacitor_SMD.3dshapes/C_0603_1608Metric.wrl
      (at (xyz 0 0 0))
      (scale (xyz 1 1 1))
      (rotate (xyz 0 0 0))
    )
  )

  (module Passives:C_0603_Handsolder (layer TopLayer) (tedit 5B301BBE) (tstamp 5DD69C2B)
    (at 247.35 206.2 270)
    (descr "Capacitor SMD 0603 (1608 Metric), square (rectangular) end terminal, IPC_7351 nominal with elongated pad for handsoldering. (Body size source: http://www.tortai-tech.com/upload/download/2011102023233369053.pdf), generated with kicad-footprint-generator")
    (tags "capacitor handsolder")
    (path /5DD7036B/5E1459F4)
    (attr smd)
    (fp_text reference C214 (at 0 -1.3 270) (layer F.SilkS)
      (effects (font (size 0.6 0.6) (thickness 0.15)))
    )
    (fp_text value CL10B104KB8NNNC (at 0 1.43 270) (layer F.Fab)
      (effects (font (size 1 1) (thickness 0.15)))
    )
    (fp_line (start -0.8 0.4) (end -0.8 -0.4) (layer F.Fab) (width 0.15))
    (fp_line (start -0.8 -0.4) (end 0.8 -0.4) (layer F.Fab) (width 0.15))
    (fp_line (start 0.8 -0.4) (end 0.8 0.4) (layer F.Fab) (width 0.15))
    (fp_line (start 0.8 0.4) (end -0.8 0.4) (layer F.Fab) (width 0.15))
    (fp_line (start -0.171267 -0.51) (end 0.171267 -0.51) (layer F.SilkS) (width 0.12))
    (fp_line (start -0.171267 0.51) (end 0.171267 0.51) (layer F.SilkS) (width 0.12))
    (fp_line (start -1.65 0.73) (end -1.65 -0.73) (layer F.CrtYd) (width 0.05))
    (fp_line (start -1.65 -0.73) (end 1.65 -0.73) (layer F.CrtYd) (width 0.05))
    (fp_line (start 1.65 -0.73) (end 1.65 0.73) (layer F.CrtYd) (width 0.05))
    (fp_line (start 1.65 0.73) (end -1.65 0.73) (layer F.CrtYd) (width 0.05))
    (fp_text user %R (at 0 0 270) (layer F.Fab)
      (effects (font (size 1 1) (thickness 0.15)))
    )
    (pad 1 smd roundrect (at -0.875 0 270) (size 1.05 0.95) (layers TopLayer F.Paste F.Mask) (roundrect_rratio 0.25)
      (net 2 +5V))
    (pad 2 smd roundrect (at 0.875 0 270) (size 1.05 0.95) (layers TopLayer F.Paste F.Mask) (roundrect_rratio 0.25)
      (net 1 GND))
    (model ${KISYS3DMOD}/Capacitor_SMD.3dshapes/C_0603_1608Metric.wrl
      (at (xyz 0 0 0))
      (scale (xyz 1 1 1))
      (rotate (xyz 0 0 0))
    )
  )

  (module Passives:C_0603_Handsolder (layer TopLayer) (tedit 5B301BBE) (tstamp 5DD69C3C)
    (at 248.45 216.15 90)
    (descr "Capacitor SMD 0603 (1608 Metric), square (rectangular) end terminal, IPC_7351 nominal with elongated pad for handsoldering. (Body size source: http://www.tortai-tech.com/upload/download/2011102023233369053.pdf), generated with kicad-footprint-generator")
    (tags "capacitor handsolder")
    (path /5DD7036B/5E020B52)
    (attr smd)
    (fp_text reference C215 (at 2.9 0 90) (layer F.SilkS)
      (effects (font (size 0.6 0.6) (thickness 0.15)))
    )
    (fp_text value CL10B104KB8NNNC (at 0 1.43 90) (layer F.Fab)
      (effects (font (size 1 1) (thickness 0.15)))
    )
    (fp_line (start -0.8 0.4) (end -0.8 -0.4) (layer F.Fab) (width 0.15))
    (fp_line (start -0.8 -0.4) (end 0.8 -0.4) (layer F.Fab) (width 0.15))
    (fp_line (start 0.8 -0.4) (end 0.8 0.4) (layer F.Fab) (width 0.15))
    (fp_line (start 0.8 0.4) (end -0.8 0.4) (layer F.Fab) (width 0.15))
    (fp_line (start -0.171267 -0.51) (end 0.171267 -0.51) (layer F.SilkS) (width 0.12))
    (fp_line (start -0.171267 0.51) (end 0.171267 0.51) (layer F.SilkS) (width 0.12))
    (fp_line (start -1.65 0.73) (end -1.65 -0.73) (layer F.CrtYd) (width 0.05))
    (fp_line (start -1.65 -0.73) (end 1.65 -0.73) (layer F.CrtYd) (width 0.05))
    (fp_line (start 1.65 -0.73) (end 1.65 0.73) (layer F.CrtYd) (width 0.05))
